0.6513513624668121 0.7689473628997803 20.369028091430664 18.696563720703125 0.0 5.389198064804077 0.1293827686458826
0.021021456050220877 0.004103304163436405 10.576933860778809 9.701918601989746 0.0 5.6732964515686035 0.7879621535539627
0.0025979638448916376 0.02930824365466833 10.617265701293945 10.81933879852295 0.0 5.511600375175476 0.627145990729332
0.006541019582073204 0.10675152391195297 17.223037719726562 12.847482681274414 0.0 5.234172344207764 -0.04100209567695856
0.2786448001861572 0.02245404783752747 11.943922996520996 10.361529350280762 0.0 5.292415618896484 0.029826199170202017
0.3208674415946007 0.09160385438008234 7.223391056060791 13.766669273376465 0.0 5.319425463676453 0.47108594328165054
0.485986540094018 1.3582526817917824 16.877099990844727 16.61212921142578 0.0 5.066954493522644 -0.18602656200528145
0.0013763866008957848 0.0012918825018459756 14.057525634765625 15.358497619628906 0.0 4.898467063903809 -0.3149251267313957
0.06849601119756699 0.014772443508263677 13.954568862915039 9.14344310760498 0.0 5.65671443939209 1.298423409461975
0.015514171216636896 0.01638852944597602 11.39742374420166 10.32610034942627 0.0 4.8205941915512085 -0.37577133625745773
0.0005914148714509793 0.5589916724711657 12.326844215393066 20.318801879882812 0.0 4.856838583946228 0.059590963646769524
0.025518610142171383 0.000979354609398797 10.331843376159668 17.337980270385742 0.0 4.8664456605911255 -0.6675747036933899
0.029244734905660152 0.0065538288035895675 7.438830852508545 19.126005172729492 0.0 4.448840618133545 -1.1214134842157364
0.014989973598858342 3.2480271645217726 20.05862808227539 17.9929141998291 0.0 4.622089862823486 0.5466539412736893
0.05107831691748288 1.3947441175332642e-06 16.1320858001709 19.579648971557617 0.0 4.5126789808273315 -0.550491213798523
0.011378458046237938 2.2456891883848584e-05 15.861357688903809 16.0899658203125 0.0 4.567755460739136 1.7007333040237427
0.269133276946377 0.0037769054231375776 12.289578437805176 12.91313648223877 0.0 4.032629132270813 1.0589901357889175
0.015274940524250269 0.11164682498201728 10.199949264526367 15.910964965820312 0.0 4.426339864730835 1.8556880950927734
0.051196360029280186 0.0028188206197228283 9.17387866973877 14.355569839477539 0.0 3.772692382335663 -0.2569066174328327
0.00565774692222476 0.04904840397648513 7.317953586578369 11.754852294921875 0.0 4.031322002410889 0.29055558145046234
1.6664933355059475e-05 0.36304038716480136 13.401915550231934 11.465160369873047 0.0 3.857860267162323 -1.8912410736083984
0.0005630615596601274 0.00762872881750809 13.175905227661133 11.387341499328613 0.0 6.257390975952148 2.32339084148407
0.1332084983587265 0.002187689235142898 11.178129196166992 9.097821235656738 0.0 3.4851431846618652 -1.6175773739814758
0.0001123378660849994 0.2437284254701808 9.89130973815918 21.171194076538086 0.0 4.488379955291748 0.17065789550542831
0.544743989026756 0.0031036847715881777 7.693783760070801 14.328021049499512 0.0 3.992527723312378 0.9683850407600403
0.6537695229053497 0.7026536166667938 19.581317901611328 18.778974533081055 0.0 5.223641395568848 -0.30011631548404694
0.05842421017587185 0.10196881741285324 11.205126762390137 13.960886001586914 0.0 5.2266526222229 -0.04530163947492838
0.04863358728107414 0.057678609155118465 13.180249214172363 12.361437797546387 0.0 5.402579307556152 0.04536937456578016
0.01788147632032633 0.08621364599093795 8.973881721496582 17.609676361083984 0.0 5.278346538543701 -0.3848707675933838
0.5763489774399204 0.5621268722152308 17.338821411132812 12.26642894744873 0.0 5.386760234832764 0.10532098822295666
0.182084387895884 0.04103738022968173 14.161046028137207 10.890009880065918 0.0 5.7201796770095825 0.17753714695572853
0.017780530848540366 0.8380559980869293 14.247469902038574 17.787214279174805 0.0 5.195949673652649 0.8583233505487442
0.42909110710024834 0.007361296797171235 10.836862564086914 11.128074645996094 0.0 5.187021493911743 0.8575478196144104
0.2166229709982872 0.23425694461911917 17.227140426635742 7.871703624725342 0.0 4.634274840354919 0.04530398175120354
0.06296690553426743 1.3787196600387688 14.227991104125977 12.591444969177246 0.0 5.00874936580658 0.14686306938529015
0.0021529201278553955 0.0030096307236817665 12.539196014404297 12.699226379394531 0.0 4.671582579612732 -1.1468879878520966
0.33832983369438807 0.03256848198361695 9.928603172302246 9.169650077819824 0.0 6.025375127792358 0.36213066428899765
0.023129220301314035 0.3694392740726471 14.224669456481934 14.405787467956543 0.0 4.754296541213989 -2.172853648662567
0.07114520334289409 0.01021534949541092 12.801579475402832 11.366004943847656 0.0 4.626065790653229 -2.11725652217865
0.0442697055567578 0.06054764147847891 10.651942253112793 12.340486526489258 0.0 5.760887265205383 -2.2416405379772186
0.7203034460544586 0.6481673717498779 21.1278018951416 14.224652290344238 0.0 5.349166393280029 0.05369304679334164
0.07924951694440097 0.30373077606782317 10.23552417755127 20.418161392211914 0.0 5.19195020198822 -0.08278263732790947
0.03404244047123939 0.41564252343960106 20.392765045166016 12.471501350402832 0.0 5.597511529922485 0.03641784191131592
0.45531823486089706 0.0015493884202442132 12.79037094116211 9.138090133666992 0.0 5.380182862281799 -0.5485835671424866
0.027142417966388166 0.6636450439691544 15.2716064453125 16.552396774291992 0.0 5.138933062553406 -0.7355707883834839
0.3321600884664804 0.0007508915732614696 11.687227249145508 12.462108612060547 0.0 5.03318727016449 -1.4541912078857422
0.48938432335853577 0.02316194213926792 6.698735237121582 11.523294448852539 0.0 5.77471137046814 -0.9944406151771545
0.022406276570109185 1.052021324634552 20.112699508666992 18.285268783569336 0.0 6.175887584686279 2.538454830646515
0.029536625370383263 0.0007719553832430393 15.606402397155762 10.837760925292969 0.0 5.343590974807739 1.5786610543727875
